ISS (ZARYA)             
1 25544U 98067A   14180.54251755  .00004561  00000-0  86928-4 0  5942
2 25544  51.6493  38.3121 0003940 185.3183 259.6770 15.50309392893242
TIANGONG 1              
1 37820U 11053A   14180.57486476  .00025140  00000-0  17362-3 0  1571
2 37820  42.7701 236.9649 0011889  84.1716  65.7312 15.73938005157992
FLOCK 1-4               
1 39515U 98067DK  14168.95444542  .31323801  12098-4  40562-2 0  3235
2 39515  51.6165  78.6844 0017876 240.8810 119.0425 16.34331797 19778
FLOCK 1-6               
1 39519U 98067DM  14165.88283517  .16502003  12343-4  98424-3 0  3332
2 39519  51.6222  94.1908 0009843 235.3624 124.7708 16.41361779 19203
FLOCK 1-9               
1 39525U 98067DQ  14180.56920304  .00818398  35097-3  11425-2 0  3754
2 39525  51.6311  19.7551 0009993 279.2899  80.7322 16.05207074 21217
FLOCK 1-10              
1 39526U 98067DR  14165.24553635  .18406143  12485-4  10389-2 0  3588
2 39526  51.6099  95.8819 0006288 288.1784  72.0662 16.41924104 18834
FLOCK 1-11              
1 39527U 98067DS  14164.05247193  .14959461  12325-4  12214-2 0  3399
2 39527  51.6164 102.9428 0005690 241.0622 119.0766 16.38980060 18633
FLOCK 1-12              
1 39528U 98067DT  14180.40072352  .00045585  00000-0  42124-3 0  3755
2 39528  51.6406  30.0343 0001602 190.7734 169.3228 15.67087732 21059
FLOCK 1-13              
1 39529U 98067DU  14180.58474992  .02559592  11798-1  21054-2 0  3510
2 39529  51.6282  19.1154 0015684 271.4904  88.8940 16.15913139 21049
FLOCK 1-14              
1 39530U 98067DV  14170.96245327  .14674730  12288-4  12111-2 0  3293
2 39530  51.6089  68.0526 0011172 246.3693 114.5824 16.38686020 19536
FLOCK 1-16              
1 39532U 98067DX  14171.01520723  .14788701  12376-4  96411-3 0  3421
2 39532  51.6171  68.4449 0010299 256.0694 104.0814 16.40644619 19530
FLOCK 1-18              
1 39556U 98067DZ  14180.41797646  .00043730  00000-0  42421-3 0  3454
2 39556  51.6429  30.9115 0002605 171.0520 189.0522 15.65895207 19145
FLOCK 1-20              
1 39560U 98067ED  14180.39777597  .00055075  00000-0  47845-3 0  3167
2 39560  51.6465  30.0543 0001767  88.0035 272.1164 15.68526351 19096
FLOCK 1-23              
1 39561U 98067EE  14180.42949669  .00543702  12443-3  17455-2 0  3094
2 39561  51.6359  23.3295 0010763 221.1579 206.6851 15.90302773 19132
FLOCK 1-24              
1 39562U 98067EF  14167.15728017  .11557539  12199-4  13811-2 0  3009
2 39562  51.6198  89.1976 0008827 237.8788 122.2940 16.35545675 17145
FLOCK 1-25              
1 39563U 98067EG  14175.12014341  .08538455  12237-4  90949-3 0  3210
2 39563  51.6082  47.8500 0010196 246.6161 114.7756 16.36531546 18333
FLOCK 1-26              
1 39564U 98067EH  14161.27887070  .10876980  12200-4  14396-2 0  2760
2 39564  51.6142 118.9305 0004842 228.5660 131.8890 16.34706362 16153
SKYCUBE                 
1 39567U 98067EL  14180.40129420  .00030312  00000-0  30604-3 0  3557
2 39567  51.6448  31.4131 0002277  67.5812 351.6267 15.65072124 18877
LITUANICASAT-1          
1 39569U 98067EN  14180.44565544  .00192499  00000-0  77237-3 0  3709
2 39569  51.6414  24.1221 0002921 205.7840 224.1604 15.85390367 18978
